0,435
0,434
0,433
0,432
0,431
0,430
0,429
0,428
0,427
0,426
0,425
0,424
0,423
0,422
0,421
0,420
0,419
0,418
0,417
0,416
0,415
0,414
0,413
0,412
0,411
0,410
0,409
0,408
0,407
0,406
0,405
0,404
0,403
0,402
0,401
0,400
0,399
0,398
26,2
0,397
29,2
0,396
0,395
0,386
29,5
29,4
26,4
26,1
26,3
29,1
29,3
25,1
25,3
28,1
28,3
10,231
10,213
10,299
10,253
10,283
10,99
10,113
10,2
10,3
9,5
9,1
9,7
9,2
9,3
8,13
8,10
8,17
8,11
8,6
8,14
8,1
8,4
8,2
8,3
20,3
20,2
20,1
19,3
19,2
19,1
12,3
12,2
12,1
11,29
11,28
11,27
11,26
11,25
11,24
11,23
11,22
